123456
2016
123456789
2024
111111
2023
000000
2022
12345678
2021
123123
2020
1234567
2019
112233
2018
123321
2017
123654
2016
123789
2015
111222
2014
123098
2013
123455
2012
123444
2011
123433
2010
123422
2009
123411
2008
123400
2007
01011980
2006
01011990
2005
01012000
2004
01011970
2003
01011985
2002
01011995
2001
01012010
2000
01012005
1999
01011975
1998
01011999
1997
01012001
1996
01011982
1995
01011987
1994
01011992
1993
01012003
1992
010180
1991
010190
1990
010100
1989
010170
1988
010185
1987
010195
1986
010110
1985
010105
1984
010175
1983
010199
1982
010101
1981
010182
1980
010187
1979
010192
1978
010103
1977
31121999
1976
31122000
1975
25051999
1974
29051953
1973
19151919
1972
19231923
1971
23041920
1970
19051919
1969
10071980
1968
15071982
1967
20011999
1966
31121980
1965
31121990
1964
31121995
1963
31122005
1962
111111
1961
222222
1960
333333
1959
444444
1958
555555
1957
666666
1956
777777
1955
888888
1954
999999
1953
121212
1952
131313
1951
141414
1950
151515
1949
161616
1948
171717
1947
181818
1946
191919
1945
202020
1944
212121
1943
232323
1942
654321
1941
987654321
1940
987654
1939
876543
1938
765432
1937
6543210
1936
543210
1935
432109
1934
321098
1933
210987
1932
109876
1931
098765
1930
5321234567
1929
5051234567
1928
5411234567
1927
5421234567
1926
5431234567
1925
5441234567
1924
5451234567
1923
5461234567
1922
5471234567
1921
5481234567
1920
5491234567
1919
14531453
1918
13131313
1917
147258369
1916
159753456
1915
159357456
1914
258258258
1913
369369369
1912
456456456
1911
789789789
1910
321321321
1909
147147147
1908
258258258
1907
369369369
1906
1234
1905
12345
1904
0000
1903
1111
1902
2222
1901
3333
1900
4444
5555
6666
7777
8888
9999
1212
1313
1414
1515
1616
1717
1818
1919
2020
2121
2323
2525
20242024
20232023
20222022
20212021
20202020
20192019
20182018
20172017
20162016
20152015
20142014
20132013
20122012
20112011
20102010